70
Atomic positions in Angstrom
C -3.95820        0.19337        1.20173
C -3.95747        1.20554        0.18720
C -3.20506        2.39561        0.37470
C -2.43840        2.58126        1.57035
C -2.43912        1.57860        2.57535
C -3.20651        0.38308        2.39190
C -1.20545        1.23986        3.21804
C -0.00008        1.94348        2.94507
C  0.00065        2.95007        1.93613
C -1.20402        3.22228        1.23100
C  1.20474        1.23939        3.21932
C  2.43922        1.57767        2.57793
C  2.43994        2.58033        1.57294
C  1.20617        3.22182        1.23228
C  3.20634        0.38185        2.39530
C  3.95921        0.19185        1.20592
C  3.95995        1.20403        0.19140
C  3.20780        2.39439        0.37810
C  3.96050        0.55194       -1.08475
C  3.96011       -0.86326       -0.85893
C  3.95931       -1.08580        0.55678
C -3.95810       -1.08428        0.55258
C -3.95730       -0.86174       -0.86313
C -3.95691        0.55345       -1.08895
C -3.20474       -1.71481       -1.71370
C -2.43681       -1.16273       -2.78948
C -1.20282       -1.88160       -2.89068
C -1.20354       -2.89360       -1.87633
C -2.43797       -2.78985       -1.15857
C  0.00262       -1.24770       -3.30010
C  1.20738       -1.88206       -2.88940
C  1.20665       -2.89406       -1.87505
C  0.00114       -3.30243       -1.24061
C  2.44154       -1.16366       -2.78688
C  3.20812       -1.71604       -1.71030
C  2.44036       -2.79079       -1.15598
C  1.20696        3.44431       -0.18319
C  2.44121        2.93807       -0.70290
C  0.00226        3.40182       -0.93779
C -1.20323        3.44478       -0.18447
C -2.43712        2.93901       -0.70548
C  1.20435       -0.17556        3.44509
C  2.43858       -0.69733        2.94094
C -1.20584       -0.17509        3.44381
C -0.00087       -0.92938        3.40347
C  3.20653       -2.15853        1.10460
C  2.43868       -1.96296        2.29790
C -0.00077       -2.19999        2.75791
C  1.20454       -2.67796        2.17369
C -2.43974       -0.69639        2.93835
C -3.20630       -2.15730        1.10120
C -2.43964       -1.96203        2.29532
C -2.43657        2.29305       -1.96963
C -3.20396        1.09904       -2.16270
C  2.44176        2.29211       -1.96704
C  3.20890        1.09781       -2.15929
C -2.43642        0.23916       -3.01317
C  2.44193        0.23823       -3.01058
C  2.43957       -3.01124        0.24642
C  1.20509       -3.32993        0.89776
C  0.00035       -3.52374        0.16730
C  1.20814        0.88972       -3.33167
C  0.00301        0.15969       -3.52467
C -1.20564       -2.67749        2.17241
C -2.43875       -3.01029        0.24383
C -1.20509       -3.32946        0.89648
C -1.20205        0.89018       -3.33295
C  0.00281        2.75333       -2.20690
C -1.20214        2.16760       -2.68392
C  1.20804        2.16714       -2.68264
